1298
1293
1318
1319
1305
1270
1283
1289
1326
1307
1290
1312
1299
1294
1301
1298
1282
1300
1261
1309
1327
1288
1296
1356
1299
1333
1283
1294
1289
1309
1273
1304
1302
1285
1262
1285
1319
1306
1294
1344
1270
1292
1311
1286
1319
1317
1296
1292
1269
1303
1307
1306
1315
1283
1270
1292
1293
1300
1341
1294
1270
1289
1302
1285
1281
1302
1260
1314
1274
1283
1297
1281
1302
1299
1255
1268
1279
1292
1295
1288
1299
1304
1264
1307
1273
1261
1294
1289
1254
1274
1280
1322
1283
1287
1287
1301
1286
1291
1299
1266
1308
1319
1288
1287
1314
1272
1280
1279
1285
1302
1306
1308
1273
1324
1264
1322
1297
1315
1314
1270
1313
1331
1290
1319
1260
1321
1270
1260
1303
1289
1297
1280
1261
1276
1312
1258
1322
1280
1280
1301
1288
1329
1297
1309
1299
1291
1304
1307
1307
1290
1290
1285
1290
1275
1290
1280
1271
1291
1300
1274
1279
1303
1270
1289
1295
1590
1574
1600
1282
1317
1292
1303
1278
1321
1303
1296
1264
1286
1337
1327
1302
1283
1292
1311
1295
1298
1283
1254
1271
1310
1288
1309
1290
1299
1290
1319
1290
1315
1292
1319
