591
572
575
580
592
577
561
576
580
592
571
570
565
584
575
567
572
569
561
599
575
581
582
568
555
587
587
573
575
576
592
566
591
585
595
585
568
585
581
580
579
576
605
572
592
573
579
576
574
576
579
561
568
592
570
573
576
607
587
566
566
554
573
555
559
552
582
586
589
568
577
579
573
575
589
575
598
577
569
573
593
583
569
566
566
580
581
568
581
581
578
576
573
599
580
567
574
571
576
566
565
579
574
583
587
588
568
574
586
575
589
569
593
559
583
561
578
577
582
587
571
573
567
573
577
561
569
565
582
580
587
582
576
577
571
565
561
577
591
590
570
572
583
593
589
584
570
579
585
595
578
573
582
564
567
593
610
583
580
558
580
592
574
571
585
629
559
573
564
580
562
578
573
576
573
571
585
564
583
584
565
570
582
574
561
592
589
599
569
564
586
595
567
577
570
568
587
572
582
