1136
1157
1135
1144
1152
1153
1157
1138
1129
1152
1157
1184
1150
1164
1178
1156
1181
1169
1129
1155
1129
1169
1133
1132
1134
1142
1166
1150
1153
1146
1165
1145
1173
1142
1149
1155
1157
1153
1150
1139
1154
1144
1140
1151
1154
1146
1152
1152
1143
1148
1135
1158
1143
1132
1162
1151
1137
1148
1149
1164
1150
1132
1162
1164
1167
1164
1156
1155
1150
1140
1157
1149
1118
1122
1140
1145
1154
1187
1141
1173
1165
1145
1151
1131
1198
1141
1145
1155
1166
1156
1145
1142
1151
1122
1159
1142
1160
1176
1145
1131
1144
1148
1131
1156
1174
1167
1166
1139
1155
1151
1177
1134
1163
1179
1161
1153
1157
1150
1151
1168
1140
1153
1156
1133
1142
1161
1177
1163
1157
1169
1141
1162
1137
1153
1148
1155
1172
1164
1145
1165
1148
1145
1163
1139
1161
1143
1181
1178
1152
1150
1136
1155
1157
1174
1146
1148
1132
1145
1153
1149
1141
1133
1151
1142
1157
1138
1164
1155
1128
1170
1160
1171
1491
1161
1158
1144
1151
1147
1133
1159
1152
1150
1155
1127
1129
1166
1139
1180
1143
1140
1135
1151
1130
1192
1146
1166
1160
1163
1155
