756
757
748
730
740
758
775
722
724
753
756
727
725
749
752
740
759
739
732
767
740
697
749
700
713
731
759
724
739
726
729
721
727
720
697
736
728
751
751
729
728
726
713
745
737
718
768
737
735
765
716
735
729
695
729
735
734
742
733
718
732
713
718
739
706
734
762
763
721
773
734
740
752
726
742
714
751
718
719
738
729
702
761
745
746
702
738
721
721
722
720
767
753
716
756
742
738
716
730
736
720
722
741
734
728
718
725
749
719
739
726
729
731
719
731
736
740
725
739
712
738
713
729
742
726
724
757
725
699
775
710
706
764
726
707
709
716
708
735
738
731
721
749
735
725
737
736
717
742
726
762
741
761
722
744
731
709
738
761
731
730
729
726
737
711
720
744
738
730
717
746
744
740
757
719
712
725
713
761
700
739
726
733
741
743
710
774
706
744
738
780
722
710
743
725
751
740
746
734
733
